TOTAL_MEASUREMENTS 10000
AVERAGE_TEMPERATURE 19.879139
MIN_TEMPERATURE -9.971772
MAX_TEMPERATURE 49.999871
AVERAGE_HUMIDITY 55.304033
MIN_HUMIDITY 10.005393
MAX_HUMIDITY 99.997744
AVERAGE_PRESSURE 999.732919
MIN_PRESSURE 900.029515
MAX_PRESSURE 1099.990360
TOTAL_RAINFALL 501871.931322
MAX_RAINFALL 99.999442
AVERAGE_WIND_SPEED 75.303423
MAX_WIND_SPEED 149.993129
EXTREME_TEMPERATURE_EVENTS 3291
HOTTEST_MEASUREMENT 1600007488 14 49.999871
COLDEST_MEASUREMENT 1600002336 14 -9.971772
BUSIEST_INTERVAL 26666694 95
TOP_STATIONS
42 227 21.899941 11159.412126
4 222 20.031572 11140.505061
12 222 18.941125 11882.182150
1 221 20.253936 11160.713277
8 219 19.668277 11085.857814
13 217 19.994782 10919.742624
37 216 18.943959 10884.188314
26 214 18.726359 10344.703524
19 213 21.501209 11260.402977
44 213 19.211305 10408.694291
